((("ll" .
   [3 0])
  ("typedef" .
   [1 0 0 0 0 0 0])
  ("long" .
   [3 0 0 0])
  ("numof" .
   [0 0 1 0 0])
  ("sizeof" .
   [2 0 0 0 0 0])
  ("200001" .
   [1 0 0 0 0 0])
  ("printf" .
   [4 0 0 0 0 2])
  ("sum" .
   [7 0 0])
  ("lval" .
   [10 0 0 0])
  ("sval" .
   [4 0 0 0])
  ("len" .
   [11 0 1])
  ("else" .
   [2 0 0 0])
  ("seq" .
   [15 0 0])
  ("doIt" .
   [0 0 0 1])
  ("void" .
   [1 0 0 0])
  ("import" .
   [0 1 0 0 0 0])
  ("println" .
   [0 0 1 0 1 0 0])
  ("out" .
   [2 0 0])
  ("System" .
   [0 0 0 2 0 0])
  ("vector" .
   [0 0 1 1 0 0])
  ("include" .
   [0 0 0 1 0 0 0])
  ("int" .
   [11 0 0])
  ("return" .
   [2 0 0 0 0 0])
  ("class" .
   [1 0 0 0 0])))
